60368
40463
44622
57154
23770
43449
31
21259
34153
26913
10027
7463
10221
525
30082
14063
46140
36258
12458
14035
9622
28985
39323
64081
41019
41434
59500
16824
21424
53889
22436
16256
28816
1522
7874
52586
44971
7905
8309
13589
34818
18336
21052
45040
18861
51134
59103
65001
21856
6025
13501
31478
35010
52824
30024
10493
28722
23988
27318
50146
12341
49754
866
41157
51276
8740
28207
30712
16646
36516
44301
51464
54852
65353
30968
8177
50951
24535
7643
7272
30561
21144
38750
35
8432
3238
10529
37155
27226
37847
21765
39567
22065
22632
15188
7805
31372
43395
38517
48018
14375
17282
33947
3691
17099
64915
11869
2515
23915
19512
9787
54476
40656
48537
54511
49088
51776
65040
20707
13466
37351
42473
53034
59416
65105
2686
1686
30941
46082
40203
13424
60457
57486
47371
64149
9049
46750
10482
11564
5129
29994
21351
59605
5114
4353
48581
54202
56129
48085
9374
4059
19901
51847
57093
13781
51416
59780
15467
16821
40326
55671
30245
35247
47621
12080
33860
56670
58831
44342
2699
63960
8800
24050
58030
13914
28403
41075
2581
18996
23624
11955
23056
43525
63802
14613
57307
49682
8857
7238
967
49183
62909
31213
18895
44994
43293
52755
36129
36588
31562
38828
35013
40362
62878
27507
54277
25746
3046
56858
44742
26670
3277
2262
4660
1543
16876
61967
51225
25733
3669
52192
9381
1043
17869
28276
46037
61163
15495
16630
32215
47057
55458
1692
21884
52801
29199
10625
13011
32245
1947
57753
58916
5224
60016
63576
6767
11356
60007
57992
37089
63676
44648
46470
64719
62518
9210
45221
58145
24706
61851
24824
6227
51774
26517
28111
39039
55716
38736
52050
22426
40683
44267
15806
45907
38747
13846
52674
50103
8317
45130
21657
6457
24243
2591
5641
21225
11802
50862
13834
36508
47177
38658
42735
33415
65175
5311
6918
55356
44047
58968
12246
19195
37700
28052
65102
10911
41898
52241
61015
50215
31835
17136
56672
56078
19727
62313
11767
31529
47639
25601
2501
29281
64260
45237
62696
63899
50548
4079
53719
29059
63047
429
48254
35211
28481
47821
46123
4843
34526
41602
55058
825
58738
46195
56904
12929
42972
3135
44459
25076
28737
46960
54357
27461
26661
51517
25824
11673
55596
14008
40733
53108
14437
23451
22783
42919
5736
3370
47762
40262
44972
37285
41088
38174
17944
32456
51104
60916
35591
30027
20456
64328
11451
9277
26253
38113
60795
52078
49786
50855
550
24983
38427
14987
48435
61211
57906
54171
64581
40133
28898
44018
11882
4450
16656
29826
36906
2224
25206
6961
32251
45663
5754
43703
54940
32007
16280
50199
18549
530
35519
19099
25514
8410
34087
8413
4085
26457
62584
3131
1054
25946
47149
12936
30396
63805
42762
1766
494
2433
8728
32745
48096
14482
10912
37500
46489
27192
22164
65039
27723
57683
18602
53237
557
52689
61650
4643
13611
58698
7774
14665
19109
54923
27602
49505
53192
4828
51272
53686
7261
60000
20896
55357
8946
31808
27322
55435
59001
49486
54938
21188
41633
8005
8889
42190
60694
5003
46833
8769
63701
54607
23435
17274
43994
51037
1244
31651
55865
52516
19801
63127
46980
40697
52948
55926
6970
14734
45825
435
64220
35228
21623
40317
43233
30512
16972
38391
35515
63805
47161
33680
52877
5060
50955
31335
56097
52199
62986
46426
39179
17252
44017
20623
57949
31430
11013
64919
46164
56838
65354
44849
26530
21441
19630
4227
51953
36602
42619
21932
34872
24244
55613
22213
29304
41032
53548
19865
27695
50999
755
1338
2715
44773
21961
60664
10667
32974
60048
56831
24276
59866
36144
50807
15772
55775
55034
2189
26841
32117
24122
61713
56361
14199
18390
20129
55231
6403
39994
17390
57402
40750
18728
60117
19987
40689
55245
30654
8127
49757
21949
32403
44088
58094
17674
59860
48333
7173
62049
9638
39290
20635
5816
30116
34834
24206
50245
24529
30609
24704
41919
22475
65454
60647
17056
19905
35800
6766
50559
43927
56523
6972
10795
35075
65066
28469
29399
47863
35642
25913
57502
9397
46548
63318
39513
15847
21988
24222
40376
52598
48926
16760
9537
48844
11871
26594
3213
47672
33360
53772
26063
24347
60745
36858
59423
60275
65328
23286
42603
35434
49199
34569
44831
30212
32351
18808
46059
54339
43031
20899
41401
26421
37659
50939
9730
49531
11997
12943
31667
45357
1180
57730
4168
61925
29053
63591
56664
28845
21342
33731
64279
5005
2764
43575
35217
35115
62383
15740
23919
39878
36640
65320
764
8763
50723
10494
58294
62720
23437
24425
42541
24617
16620
46710
21006
45673
44765
12135
8982
571
45866
7725
5577
48631
51300
40794
18210
48148
56535
42129
22490
27639
41914
23254
36402
27101
33748
29161
24286
57186
53586
1291
16267
4670
48001
37274
50343
27231
49409
59325
27802
29739
1515
33379
12834
52815
8638
31045
35427
65173
7638
57918
27276
49552
15636
63678
11118
49385
27303
35404
41035
15354
36695
57302
20024
19161
29040
4832
46392
12913
64157
8658
42653
136
42038
55487
52952
50676
20996
22843
50313
28635
15225
12053
12651
30862
10195
23769
14711
37499
59173
55746
52853
30333
47512
7341
49494
11017
12173
30350
23930
10795
39008
1047
10931
15510
56535
63883
650
11995
21191
50963
40630
36416
63016
53282
1742
7676
11515
16453
45175
5153
6663
32492
35486
54176
39833
19444
65193
52007
49794
23587
62802
23266
24635
8197
38777
15634
6545
39427
27629
27736
24855
2724
64152
22335
56006
359
30011
1985
16812
9650
7138
23476
42142
42624
12116
16440
62068
11773
2911
46326
35360
177
4057
59995
8374
42834
10093
14919
16725
37723
42655
41580
40447
41272
63916
30917
41631
28391
32902
58443
38042
40041
16383
14648
17129
28499
31088
13662
40272
33999
59988
10097
34176
64045
4556
42551
41343
14650
57470
58069
52373
34590
34113
27284
10326
32493
58201
51957
60885
25567
44864
33391
72
61248
48039
17202
24211
13592
30864
64484
47591
25316
9045
16232
23826
13601
58783
65169
28251
50717
57702
15088
19771
26280
42372
30097
58773
35037
16518
54122
60605
61383
21977
60677
57095
4481
12343
15770
18073
43207
14718
128
2988
23763
16360
26814
37365
9607
26447
80
60325
18614
15169
14560
44894
57541
44658
38131
27043
61176
26718
22112
57023
48695
17253
48582
53176
29597
